0.157449 0.036125 1 
-0.358907 -0.290466 1 
-0.706277 0.101176 1 
0.313669 0.031865 1 
-0.225639 -0.307361 1 
-0.678125 0.127336 1 
0.340982 0.05105 1 
-0.198057 -0.290282 1 
-0.543205 0.244354 1 
0.429307 0.041299 1 
-0.1174 -0.278774 1 
-0.514106 0.261907 1 
0.454726 0.058425 1 
-0.089814 -0.247666 1 
-0.390905 0.335769 1 
0.175995 0.023441 1 
-0.3544 -0.306792 1 
-0.69709 0.148757 1 
0.207618 0.047401 1 
-0.228128 -0.32453 1 
-0.668811 0.175918 1 
0.330122 0.011374 1 
-0.201896 -0.29857 1 
-0.535534 0.287467 1 
0.360487 0.040125 1 
-0.118748 -0.295401 1 
-0.512194 0.307301 1 
0.442188 0.014807 1 
-0.088471 -0.260344 1 
-0.377771 0.361716 1 
0.179879 0.016013 1 
-0.378052 -0.35598 1 
-0.67773 0.206047 1 
0.210047 0.048008 1 
-0.223314 -0.345819 1 
-0.516939 0.344712 1 
0.326671 0.00715 1 
-0.198406 -0.317946 1 
-0.489276 0.366693 1 
0.432894 0.017217 1 
-0.115552 -0.30912 1 
-0.370388 0.414535 1 
0.461955 0.040966 1 
-0.088528 -0.287536 1 
-0.340261 0.438131 1 
0.185484 0.020899 1 
-0.372821 -0.363734 1 
-0.668651 0.257915 1 
0.215788 0.042507 1 
-0.344621 -0.339396 1 
-0.518202 0.380562 1 
0.327406 0.013202 1 
-0.217208 -0.355201 1 
-0.490142 0.401301 1 
0.358357 0.035774 1 
-0.193748 -0.337826 1 
-0.376236 0.438411 1 
0.459338 0.046893 1 
-0.111688 -0.309225 1 
-0.344412 0.464154 1 
0.194192 0.021787 1 
-0.35737 -0.370719 1 
-0.663516 0.271028 1 
0.227415 0.047524 1 
-0.209093 -0.367832 1 
-0.637353 0.286566 1 
0.358952 0.04386 1 
-0.173805 -0.345663 1 
-0.51622 0.395166 1 
0.428541 0.028349 1 
-0.115217 -0.334212 1 
-0.484913 0.40795 1 
0.456182 0.048396 1 
-0.092282 -0.309515 1 
-0.37995 0.451636 1 
0.200911 0.015294 1 
-0.372433 -0.385999 1 
-0.649615 0.343766 1 
0.233943 0.040632 1 
-0.34604 -0.359437 1 
-0.6261 0.371959 1 
0.333944 0.00391 1 
-0.196536 -0.369489 1 
-0.505637 0.45638 1 
0.362753 0.019886 1 
-0.136952 -0.343429 1 
-0.473507 0.473353 1 
0.447455 0.030275 1 
-0.108728 -0.316508 1 
-0.377511 0.493676 1 
0.208859 -0.003712 1 
-0.357806 -0.395056 1 
-0.62937 0.365551 1 
0.23671 0.018095 1 
-0.330003 -0.366406 1 
-0.597082 0.386677 1 
0.337054 -0.007639 1 
-0.182538 -0.364395 1 
-0.463407 0.499865 1 
0.366235 0.016887 1 
-0.121813 -0.354782 1 
-0.370781 0.494113 1 
0.423614 0.000371 1 
-0.094943 -0.328046 1 
-0.337416 0.515474 1 
0.206699 -0.007982 1 
-0.352051 -0.405238 1 
-0.631125 0.387576 1 
0.234466 0.011311 1 
-0.324741 -0.385035 1 
-0.500303 0.487671 1 
0.328671 -0.012278 1 
-0.209026 -0.408569 1 
-0.47059 0.503926 1 
0.414212 -0.008967 1 
-0.181962 -0.379654 1 
-0.388008 0.496684 1 
0.442971 0.013302 1 
-0.117172 -0.385907 1 
-0.361565 0.515194 1 
0.249886 0.015701 1 
-0.331304 -0.417509 1 
-0.630076 0.399012 1 
0.332329 -0.026792 1 
-0.305365 -0.405118 1 
-0.605533 0.426179 1 
0.364208 -0.006703 1 
-0.195431 -0.434371 1 
-0.47458 0.509557 1 
0.416655 -0.028483 1 
-0.105765 -0.416699 1 
-0.390961 0.487888 1 
0.449629 -0.001027 1 
-0.074354 -0.38243 1 
-0.356492 0.510904 1 
0.238042 -0.027104 1 
-0.327669 -0.416377 1 
-0.607878 0.428361 1 
0.263477 -0.008449 1 
-0.301442 -0.388423 1 
-0.583749 0.448299 1 
0.374949 -0.010521 1 
-0.192358 -0.43663 1 
-0.490036 0.49116 1 
0.425065 -0.045187 1 
-0.161473 -0.419648 1 
-0.462955 0.510625 1 
0.456514 -0.016082 1 
-0.102311 -0.417273 1 
-0.382929 0.484927 1 
0.238042 -0.027104 1 
-0.327669 -0.416377 1 
-0.607878 0.428361 1 
0.27255 0.002628 1 
-0.299684 -0.396468 1 
-0.580988 0.446678 1 
0.345361 -0.047658 1 
-0.192358 -0.43663 1 
-0.461038 0.50705 1 
0.425065 -0.045187 1 
-0.102311 -0.417273 1 
-0.382929 0.484927 1 
0.458432 -0.020728 1 
-0.072298 -0.393752 1 
-0.354351 0.512768 1 
0.244807 -0.048748 1 
-0.333937 -0.413519 1 
-0.602077 0.414221 1 
0.271417 -0.02736 1 
-0.307206 -0.390279 1 
-0.571053 0.442891 1 
0.355614 -0.057721 1 
-0.190259 -0.427739 1 
-0.474305 0.492415 1 
0.384609 -0.037327 1 
-0.16668 -0.402398 1 
-0.367385 0.482419 1 
0.432143 -0.053261 1 
-0.100101 -0.409344 1 
-0.337073 0.508508 1 
0.235699 -0.073991 1 
-0.326377 -0.434081 1 
-0.614755 0.345941 1 
0.263943 -0.052692 1 
-0.2951 -0.412063 1 
-0.582555 0.371186 1 
0.355633 -0.082257 1 
-0.177245 -0.454346 1 
-0.483295 0.433983 1 
0.381597 -0.058013 1 
-0.154459 -0.426904 1 
-0.455389 0.452515 1 
0.456254 -0.058603 1 
-0.058459 -0.428424 1 
-0.347646 0.446249 1 
0.243446 -0.098671 1 
-0.290914 -0.416557 1 
-0.614962 0.271364 1 
0.275343 -0.072151 1 
-0.164742 -0.468478 1 
-0.590198 0.295016 1 
0.36303 -0.104463 1 
-0.138378 -0.441688 1 
-0.455265 0.385719 1 
0.388319 -0.079251 1 
-0.068938 -0.471416 1 
-0.38785 0.35102 1 
0.469402 -0.081354 1 
-0.039151 -0.451534 1 
-0.360129 0.370793 1 
0.237172 -0.117681 1 
-0.322549 -0.413899 1 
-0.613078 0.24015 1 
0.264318 -0.088974 1 
-0.296426 -0.39241 1 
-0.584242 0.265878 1 
0.360716 -0.125663 1 
-0.1617 -0.457487 1 
-0.484851 0.321939 1 
0.392209 -0.10439 1 
-0.132777 -0.432937 1 
-0.388585 0.334473 1 
0.442303 -0.122978 1 
-0.05544 -0.469777 1 
-0.356655 0.367704 1 
0.239889 -0.134472 1 
-0.326949 -0.435977 1 
-0.594671 0.215598 1 
0.264201 -0.116144 1 
-0.296956 -0.414983 1 
-0.491929 0.287827 1 
0.39722 -0.118523 1 
-0.163734 -0.479875 1 
-0.463979 0.31028 1 
0.458568 -0.13934 1 
-0.139937 -0.464156 1 
-0.389863 0.306858 1 
0.483918 -0.118355 1 
-0.025192 -0.467531 1 
-0.364348 0.319738 1 
0.271711 -0.12814 1 
-0.293773 -0.417348 1 
-0.622177 0.143222 1 
0.379273 -0.165213 1 
-0.156088 -0.488781 1 
-0.5927 0.167785 1 
0.409478 -0.141905 1 
-0.131548 -0.459358 1 
-0.460487 0.253083 1 
0.474651 -0.150148 1 
-0.035929 -0.500007 1 
-0.388262 0.25525 1 
0.503216 -0.12908 1 
-0.005709 -0.475743 1 
-0.359018 0.283892 1 
0.253994 -0.180659 1 
-0.309742 -0.444643 1 
-0.627727 0.088665 1 
0.281229 -0.155971 1 
-0.285606 -0.423103 1 
-0.600122 0.109976 1 
0.390868 -0.19358 1 
-0.114459 -0.47052 1 
-0.465504 0.200105 1 
0.481632 -0.183704 1 
-0.030146 -0.524409 1 
-0.387514 0.198481 1 
0.511834 -0.164864 1 
-0.003198 -0.491025 1 
-0.363211 0.21791 1 
0.249046 -0.195531 1 
-0.298406 -0.418824 1 
-0.611519 0.040532 1 
0.391442 -0.220237 1 
-0.160611 -0.503845 1 
-0.584971 0.062658 1 
0.420579 -0.197491 1 
-0.125888 -0.471371 1 
-0.479532 0.113735 1 
0.486006 -0.219863 1 
-0.03815 -0.536109 1 
-0.450673 0.135196 1 
0.515813 -0.194385 1 
-0.008569 -0.512283 1 
-0.339778 0.171349 1 
0.243309 -0.196218 1 
-0.328141 -0.435893 1 
-0.590548 0.001729 1 
0.279151 -0.169186 1 
-0.158157 -0.498916 1 
-0.489672 0.050306 1 
0.391548 -0.218833 1 
-0.130862 -0.472589 1 
-0.462559 0.071555 1 
0.419362 -0.192882 1 
-0.034794 -0.529538 1 
-0.381581 0.08078 1 
0.513618 -0.201686 1 
-0.006249 -0.506974 1 
-0.359785 0.103571 1 
0.393783 -0.176328 1 
-0.417831 -0.385422 1 
-0.592137 0.107991 1 
0.513989 -0.205554 1 
-0.390274 -0.358276 1 
-0.568176 0.130736 1 
0.543731 -0.188212 1 
-0.255883 -0.376868 1 
-0.449506 0.280629 1 
0.591102 -0.217889 1 
-0.224843 -0.354783 1 
-0.425825 0.300853 1 
0.613579 -0.197463 1 
-0.141042 -0.32923 1 
-0.322509 0.396287 1 
0.422282 -0.142276 1 
-0.424608 -0.424312 1 
-0.552107 0.176561 1 
0.524967 -0.198114 1 
-0.394914 -0.405259 1 
-0.440635 0.319156 1 
0.551103 -0.167444 1 
-0.271269 -0.418925 1 
-0.415531 0.344549 1 
0.60928 -0.22568 1 
-0.243163 -0.40228 1 
-0.311479 0.423422 1 
0.635824 -0.200457 1 
-0.133806 -0.342344 1 
-0.283916 0.437203 1 
0.40333 -0.162989 1 
-0.417861 -0.463559 1 
-0.566631 0.22158 1 
0.524575 -0.194085 1 
-0.394027 -0.436616 1 
-0.544897 0.24224 1 
0.553788 -0.170877 1 
-0.271341 -0.456603 1 
-0.39313 0.409169 1 
0.603061 -0.213874 1 
-0.167617 -0.410215 1 
-0.296771 0.473897 1 
0.63072 -0.191371 1 
-0.141935 -0.382899 1 
-0.268572 0.490331 1 
0.416975 -0.162996 1 
-0.417129 -0.468593 1 
-0.53994 0.307179 1 
0.443635 -0.147222 1 
-0.269573 -0.458291 1 
-0.420035 0.431909 1 
0.535628 -0.188257 1 
-0.24277 -0.441261 1 
-0.402053 0.452611 1 
0.611724 -0.205146 1 
-0.167358 -0.403523 1 
-0.293542 0.509263 1 
0.634644 -0.185952 1 
-0.142942 -0.380812 1 
-0.270118 0.530831 1 
0.420956 -0.157664 1 
-0.395632 -0.469424 1 
-0.561112 0.299812 1 
0.53606 -0.174927 1 
-0.365845 -0.446506 1 
-0.415999 0.442101 1 
0.564079 -0.155849 1 
-0.251525 -0.456989 1 
-0.389508 0.470708 1 
0.607034 -0.194856 1 
-0.22236 -0.437275 1 
-0.293616 0.509503 1 
0.634757 -0.169142 1 
-0.156005 -0.408442 1 
-0.265016 0.534644 1 
0.451606 -0.120661 1 
-0.404076 -0.477071 1 
-0.544307 0.359375 1 
0.534701 -0.167569 1 
-0.375461 -0.436603 1 
-0.510813 0.382545 1 
0.564476 -0.142058 1 
-0.26679 -0.466543 1 
-0.373796 0.524943 1 
0.602448 -0.187409 1 
-0.177651 -0.417447 1 
-0.281327 0.547613 1 
0.630599 -0.165073 1 
-0.145805 -0.388918 1 
-0.253528 0.568295 1 
0.436399 -0.142854 1 
-0.361526 -0.463867 1 
-0.539816 0.395009 1 
0.466367 -0.115766 1 
-0.250179 -0.476065 1 
-0.514739 0.418528 1 
0.572591 -0.121449 1 
-0.220868 -0.45135 1 
-0.365281 0.54788 1 
0.60589 -0.169832 1 
-0.166983 -0.430457 1 
-0.26554 0.563979 1 
0.631729 -0.148822 1 
-0.140393 -0.40921 1 
-0.239849 0.583323 1 
0.433998 -0.134522 1 
-0.37483 -0.498051 1 
-0.533556 0.431155 1 
0.462565 -0.111193 1 
-0.241502 -0.492389 1 
-0.50875 0.453704 1 
0.561589 -0.114767 1 
-0.211338 -0.472878 1 
-0.3611 0.572643 1 
0.591889 -0.154967 1 
-0.160287 -0.457422 1 
-0.268253 0.572927 1 
0.61894 -0.130726 1 
-0.12885 -0.4355 1 
-0.240932 0.59821 1 
0.446705 -0.148744 1 
-0.362953 -0.506844 1 
-0.536971 0.475865 1 
0.470338 -0.121103 1 
-0.338209 -0.480691 1 
-0.396207 0.580715 1 
0.565861 -0.136629 1 
-0.234233 -0.508642 1 
-0.363635 0.611858 1 
0.603929 -0.164039 1 
-0.207158 -0.489288 1 
-0.274416 0.584972 1 
0.627079 -0.147631 1 
-0.153173 -0.472496 1 
-0.244519 0.60368 1 
0.462452 -0.151839 1 
-0.348399 -0.516993 1 
-0.513475 0.540338 1 
0.49016 -0.12768 1 
-0.320004 -0.489 1 
-0.400481 0.597659 1 
0.550881 -0.161273 1 
-0.22318 -0.521616 1 
-0.373939 0.619159 1 
0.577966 -0.142588 1 
-0.195084 -0.501394 1 
-0.274003 0.594954 1 
0.614235 -0.168705 1 
-0.144415 -0.481107 1 
-0.247467 0.60934 1 
0.462452 -0.151839 1 
-0.319971 -0.498452 1 
-0.538101 0.515117 1 
0.492152 -0.124729 1 
-0.22318 -0.521616 1 
-0.511377 0.53375 1 
0.550881 -0.161273 1 
-0.199859 -0.500371 1 
-0.400481 0.597659 1 
0.614235 -0.168705 1 
-0.144415 -0.481107 1 
-0.370168 0.619267 1 
0.642214 -0.145813 1 
-0.117071 -0.454046 1 
-0.250129 0.61782 1 
0.466584 -0.174827 1 
-0.337018 -0.522989 1 
-0.529172 0.51653 1 
0.560468 -0.17287 1 
-0.308753 -0.499384 1 
-0.404027 0.604303 1 
0.586998 -0.153008 1 
-0.210336 -0.520307 1 
-0.380002 0.625612 1 
0.624873 -0.173352 1 
-0.181185 -0.499885 1 
-0.268203 0.600808 1 
0.652973 -0.156725 1 
-0.113171 -0.457664 1 
-0.230456 0.632611 1 
0.452327 -0.20876 1 
-0.337195 -0.527168 1 
-0.538979 0.496899 1 
0.483184 -0.185694 1 
-0.309011 -0.496996 1 
-0.416216 0.578878 1 
0.55605 -0.204086 1 
-0.173701 -0.509034 1 
-0.387128 0.602707 1 
0.584369 -0.186772 1 
-0.124989 -0.502664 1 
-0.288207 0.578598 1 
0.660014 -0.187248 1 
-0.095418 -0.477081 1 
-0.259262 0.598526 1 
0.43911 -0.217635 1 
-0.320682 -0.528256 1 
-0.580571 0.42123 1 
0.466448 -0.191231 1 
-0.287974 -0.503946 1 
-0.553324 0.445982 1 
0.538695 -0.204196 1 
-0.186072 -0.542119 1 
-0.433564 0.527746 1 
0.600821 -0.194583 1 
-0.105319 -0.520682 1 
-0.402738 0.547736 1 
0.629067 -0.170118 1 
-0.07179 -0.500853 1 
-0.277448 0.551279 1 
0.460282 -0.21502 1 
-0.324322 -0.514507 1 
-0.584008 0.383952 1 
0.537745 -0.22674 1 
-0.299903 -0.494081 1 
-0.557416 0.402123 1 
0.564455 -0.20657 1 
-0.178662 -0.535831 1 
-0.431735 0.489408 1 
0.601443 -0.211539 1 
-0.091893 -0.519913 1 
-0.398986 0.507728 1 
0.630282 -0.186899 1 
-0.058057 -0.504222 1 
-0.304789 0.504698 1 
0.427775 -0.25333 1 
-0.281336 -0.498739 1 
-0.587082 0.341245 1 
0.456344 -0.225203 1 
-0.166789 -0.548351 1 
-0.556101 0.3567 1 
0.536961 -0.2413 1 
-0.139335 -0.526087 1 
-0.433237 0.447135 1 
0.568579 -0.221353 1 
-0.0738 -0.533565 1 
-0.302671 0.475419 1 
0.639663 -0.184625 1 
-0.045487 -0.51516 1 
-0.276939 0.4967 1 
0.420203 -0.273592 1 
-0.306413 -0.526533 1 
-0.586297 0.300315 1 
0.446812 -0.253307 1 
-0.281112 -0.502786 1 
-0.555792 0.327283 1 
0.528456 -0.264238 1 
-0.158522 -0.552964 1 
-0.406108 0.423588 1 
0.556622 -0.241209 1 
-0.130358 -0.529424 1 
-0.29561 0.440557 1 
0.634336 -0.200871 1 
-0.030967 -0.513814 1 
-0.265731 0.470361 1 
0.416 -0.288136 1 
-0.274706 -0.512669 1 
-0.589053 0.259249 1 
0.444454 -0.267475 1 
-0.154552 -0.57233 1 
-0.561547 0.281559 1 
0.521507 -0.283458 1 
-0.12938 -0.545445 1 
-0.409654 0.390904 1 
0.555008 -0.264665 1 
-0.053077 -0.570363 1 
-0.298333 0.395586 1 
0.595236 -0.251963 1 
-0.026868 -0.549468 1 
-0.269167 0.424082 1 
0.406199 -0.308465 1 
-0.298808 -0.513104 1 
-0.57354 0.228125 1 
0.515794 -0.303633 1 
-0.142929 -0.556257 1 
-0.445742 0.298084 1 
0.546123 -0.282761 1 
-0.118187 -0.535189 1 
-0.415537 0.315691 1 
0.590814 -0.268043 1 
-0.034454 -0.562417 1 
-0.310084 0.329746 1 
0.618443 -0.24416 1 
-0.003744 -0.539186 1 
-0.283958 0.351177 1 
0.406452 -0.326151 1 
-0.283148 -0.507974 1 
-0.615844 0.162906 1 
0.434201 -0.304256 1 
-0.256734 -0.483191 1 
-0.589267 0.188091 1 
0.511011 -0.322358 1 
-0.124106 -0.554414 1 
-0.435411 0.27246 1 
0.581586 -0.285392 1 
-0.097294 -0.532233 1 
-0.32597 0.278524 1 
0.60679 -0.258445 1 
0.019083 -0.543481 1 
-0.294476 0.298153 1 
0.209263 0.051688 1 
-0.44388 -0.278437 1 
-0.524912 0.307021 1 
0.236699 0.071911 1 
-0.417431 -0.258433 1 
-0.495629 0.328675 1 
0.375576 0.023849 1 
-0.299739 -0.253415 1 
-0.359132 0.42824 1 
0.494928 0.011992 1 
-0.266613 -0.228102 1 
-0.248295 0.454375 1 
0.519187 0.032342 1 
-0.149545 -0.172111 1 
-0.215565 0.481629 1 
0.224059 0.04176 1 
-0.461492 -0.301154 1 
-0.502601 0.343173 1 
0.252706 0.072371 1 
-0.432162 -0.280192 1 
-0.474167 0.369819 1 
0.384833 0.013939 1 
-0.3229 -0.280217 1 
-0.366786 0.433378 1 
0.500847 -0.000667 1 
-0.296583 -0.250454 1 
-0.338891 0.455553 1 
0.524996 0.016813 1 
-0.186295 -0.197595 1 
-0.235326 0.469226 1 
0.26647 0.052421 1 
-0.457688 -0.328595 1 
-0.484718 0.402971 1 
0.390759 -0.000324 1 
-0.429885 -0.306629 1 
-0.459816 0.423954 1 
0.410957 0.025155 1 
-0.321605 -0.301218 1 
-0.322469 0.505924 1 
0.497151 -0.006126 1 
-0.293604 -0.279948 1 
-0.222641 0.506684 1 
0.525117 0.020233 1 
-0.178709 -0.216986 1 
-0.199379 0.531672 1 
0.229141 0.01217 1 
-0.462287 -0.334597 1 
-0.483178 0.451902 1 
0.254588 0.043346 1 
-0.435875 -0.307537 1 
-0.355284 0.520931 1 
0.378157 -0.004602 1 
-0.321318 -0.303139 1 
-0.328071 0.54891 1 
0.403623 0.014962 1 
-0.28991 -0.279112 1 
-0.230009 0.532158 1 
0.514753 0.027967 1 
-0.213582 -0.225656 1 
-0.196296 0.556039 1 
0.244782 0.010542 1 
-0.436957 -0.34809 1 
-0.476953 0.471851 1 
0.387124 -0.003674 1 
-0.405897 -0.324682 1 
-0.444214 0.500991 1 
0.416572 0.017205 1 
-0.304033 -0.317738 1 
-0.316433 0.547067 1 
0.482477 0.000625 1 
-0.279857 -0.292854 1 
-0.225637 0.528251 1 
0.510524 0.02835 1 
-0.178726 -0.231323 1 
-0.199903 0.556785 1 
0.278707 0.018471 1 
-0.454888 -0.36443 1 
-0.463299 0.513272 1 
0.385869 -0.012935 1 
-0.427934 -0.337422 1 
-0.337837 0.561104 1 
0.414408 0.014024 1 
-0.301443 -0.310105 1 
-0.312686 0.581061 1 
0.482264 -0.011657 1 
-0.237898 -0.267809 1 
-0.223381 0.548063 1 
0.50824 0.0094 1 
-0.20652 -0.242963 1 
-0.196261 0.579013 1 
0.262663 -0.006868 1 
-0.400098 -0.355273 1 
-0.452954 0.531024 1 
0.291308 0.019555 1 
-0.302112 -0.350199 1 
-0.324353 0.57732 1 
0.397674 -0.016402 1 
-0.277856 -0.326976 1 
-0.295746 0.603366 1 
0.426938 0.009468 1 
-0.216643 -0.29185 1 
-0.214536 0.552008 1 
0.515748 0.002967 1 
-0.191457 -0.269263 1 
-0.188124 0.580726 1 
0.261389 -0.01466 1 
-0.422908 -0.389518 1 
-0.44266 0.552512 1 
0.287362 0.019744 1 
-0.398676 -0.366274 1 
-0.412869 0.571912 1 
0.388762 -0.026657 1 
-0.298392 -0.36985 1 
-0.289939 0.61023 1 
0.478362 -0.036441 1 
-0.220626 -0.322964 1 
-0.215474 0.548015 1 
0.505369 -0.013239 1 
-0.189736 -0.299468 1 
-0.187134 0.563201 1 
0.297718 -0.024336 1 
-0.408418 -0.398523 1 
-0.449995 0.575201 1 
0.389463 -0.050246 1 
-0.380865 -0.376227 1 
-0.42389 0.60534 1 
0.413707 -0.030081 1 
-0.26282 -0.369178 1 
-0.330887 0.601203 1 
0.471344 -0.055614 1 
-0.212068 -0.353749 1 
-0.297973 0.626878 1 
0.49836 -0.038493 1 
-0.17828 -0.325957 1 
-0.194706 0.575514 1 
0.280579 -0.056697 1 
-0.401448 -0.411639 1 
-0.447426 0.608372 1 
0.308475 -0.026041 1 
-0.284034 -0.408189 1 
-0.421599 0.633031 1 
0.430904 -0.04679 1 
-0.257784 -0.382566 1 
-0.333091 0.614796 1 
0.475388 -0.081085 1 
-0.205273 -0.363091 1 
-0.303835 0.637637 1 
0.50444 -0.053923 1 
-0.173664 -0.342345 1 
-0.190777 0.580404 1 
0.280579 -0.056697 1 
-0.401448 -0.411639 1 
-0.447426 0.608372 1 
0.310152 -0.039669 1 
-0.376405 -0.392033 1 
-0.421355 0.639503 1 
0.426957 -0.057985 1 
-0.258191 -0.388552 1 
-0.301708 0.639165 1 
0.475388 -0.081085 1 
-0.205273 -0.363091 1 
-0.217634 0.558399 1 
0.50095 -0.065964 1 
-0.172983 -0.339916 1 
-0.192581 0.584982 1 
0.287889 -0.076658 1 
-0.402579 -0.419746 1 
-0.428956 0.609446 1 
0.3148 -0.052655 1 
-0.378404 -0.401029 1 
-0.330153 0.618808 1 
0.429577 -0.063602 1 
-0.278759 -0.40884 1 
-0.303042 0.641688 1 
0.47674 -0.091149 1 
-0.252208 -0.387549 1 
-0.208879 0.561776 1 
0.502892 -0.074111 1 
-0.19857 -0.362053 1 
-0.181478 0.583737 1 
0.267953 -0.121824 1 
-0.370717 -0.405862 1 
-0.486283 0.545107 1 
0.29502 -0.094654 1 
-0.265659 -0.43076 1 
-0.454833 0.563877 1 
0.422595 -0.101386 1 
-0.238384 -0.407811 1 
-0.313238 0.605981 1 
0.472319 -0.137614 1 
-0.180068 -0.392453 1 
-0.226023 0.52814 1 
0.502603 -0.112129 1 
-0.152536 -0.371003 1 
-0.197837 0.550813 1 
0.273306 -0.13284 1 
-0.382268 -0.439212 1 
-0.499292 0.485791 1 
0.303795 -0.116834 1 
-0.245136 -0.444448 1 
-0.46989 0.507582 1 
0.402984 -0.143783 1 
-0.217409 -0.421526 1 
-0.361213 0.522687 1 
0.431027 -0.120253 1 
-0.159644 -0.423312 1 
-0.331649 0.538666 1 
0.505451 -0.131029 1 
-0.129801 -0.401246 1 
-0.206951 0.498066 1 
0.299366 -0.132051 1 
-0.393029 -0.427847 1 
-0.476753 0.475199 1 
0.408536 -0.174995 1 
-0.367174 -0.40176 1 
-0.362697 0.493623 1 
0.434343 -0.149417 1 
-0.247781 -0.441027 1 
-0.336117 0.514168 1 
0.488531 -0.188097 1 
-0.21831 -0.421099 1 
-0.235896 0.458675 1 
0.516092 -0.164526 1 
-0.156001 -0.419656 1 
-0.209018 0.47855 1 
0.265481 -0.161091 1 
-0.361168 -0.420484 1 
-0.521851 0.402582 1 
0.296419 -0.140808 1 
-0.241155 -0.458716 1 
-0.491947 0.428858 1 
0.410652 -0.19058 1 
-0.214267 -0.43169 1 
-0.372659 0.449651 1 
0.439343 -0.167277 1 
-0.139651 -0.440947 1 
-0.348402 0.47099 1 
0.523616 -0.191576 1 
-0.111551 -0.418838 1 
-0.206447 0.453091 1 
0.271077 -0.189964 1 
-0.376178 -0.435728 1 
-0.524053 0.357061 1 
0.299482 -0.16826 1 
-0.34985 -0.406357 1 
-0.374155 0.405234 1 
0.443533 -0.197944 1 
-0.224274 -0.456776 1 
-0.33996 0.430225 1 
0.504814 -0.224221 1 
-0.201649 -0.433501 1 
-0.235467 0.391373 1 
0.535386 -0.210355 1 
-0.120371 -0.443345 1 
-0.211641 0.410276 1 
0.273881 -0.210948 1 
-0.359812 -0.439296 1 
-0.526696 0.312412 1 
0.425021 -0.253273 1 
-0.207283 -0.468499 1 
-0.496088 0.332837 1 
0.459553 -0.225566 1 
-0.17604 -0.449165 1 
-0.372402 0.356386 1 
0.514566 -0.264682 1 
-0.100304 -0.46584 1 
-0.231528 0.341317 1 
0.540512 -0.237503 1 
-0.070594 -0.442647 1 
-0.20445 0.369624 1 
0.277864 -0.227278 1 
-0.359574 -0.434386 1 
-0.531091 0.245295 1 
0.30956 -0.200955 1 
-0.327365 -0.416305 1 
-0.501622 0.260359 1 
0.432968 -0.279517 1 
-0.201063 -0.475393 1 
-0.377015 0.285447 1 
0.462018 -0.25578 1 
-0.171349 -0.448006 1 
-0.236286 0.269584 1 
0.525612 -0.297875 1 
-0.084034 -0.482299 1 
-0.203716 0.291462 1 
0.272671 -0.218289 1 
-0.319356 -0.40786 1 
-0.567191 0.209118 1 
0.301782 -0.191758 1 
-0.185821 -0.471582 1 
-0.540868 0.232191 1 
0.429834 -0.267831 1 
-0.156218 -0.446049 1 
-0.412377 0.242475 1 
0.456388 -0.242076 1 
-0.065584 -0.482117 1 
-0.387942 0.265638 1 
0.550562 -0.25189 1 
-0.036066 -0.459841 1 
-0.241893 0.242184 1 
parser destructor
cnnModelC destructor
